4007728
4256550
4218182
8949064
8296920
8524521
5145688
8081718
2519275
9390669
8047732
2101742
5389820
5410350
1555256
2907201
2712105
8304762
2683015
9164888
7659783
8737070
5924698
9236237
6824649
8915041
5205966
5349756
8587543
6802869
3355009
1183267
4961599
9300934
3672047
9735888
6053256
9815547
8938511
6046132
1762276
2911042
2157052
7698453
3426557
3166853
6543924
3825267
4665713
2321307
9602011
1163926
5164214
4657724
1845387
1833849
6096998
2942663
2062322
4542189
5960825
6816801
7071031
3937097
1814011
6714849
7557012
8568704
9699878
4871949
8024108
2286626
1017029
5514112
6600342
8133807
4680952
8800413
4749007
3326682
4207011
4273231
9726244
2839404
8458952
7036109
1163180
7947836
1949918
6740273
1491009
7428907
8122970
8540107
8280989
1689447
9280409
4650539
2519202
7942405
5773717
2447307
9946758
6527486
3902494
7795229
8937210
9682031
5475472
8901335
6025760
1367077
9359018
4163148
8815241
7913913
6638735
4613856
4675097
1172525
2144906
1010792
9668340
7111819
6427247
2977371
9961751
1934112
7232968
1772578
9365019
1120675
4856502
1419846
6084775
8642689
9816455
2420482
8627298
6967810
9107300
4664308
9438903
9959321
3708622
7534148
9308105
8799567
6123115
6074289
3817441
2973407
3942359
1116276
6421486
4146389
8934618
5483639
1596942
1505328
1353275
1850876
1174229
5266228
9077115
9713263
3903958
1204920
6151526
3765481
1670540
5190240
8667224
6712260
1917425
2611664
2955420
6053739
7070097
9641455
4027011
7684699
7586914
6810575
1720648
1542223
5185763
4644165
6669640
8071034
4132873
1180144
2562719
8138341
2530489
9738384
7597578
9027749
2344287
6238037
2922220
7502783
4279119
7623945
4844710
7269644
8769069
7615614
1827451
3692033
5664755
1246012
8997966
8461513
1790807
6583357
5239877
5008576
7796813
3636502
6380312
6786896
4027627
9754692
1950028
9809837
1813496
6440059
6566569
7047271
8867936
5143606
7227563
4184077
2663317
1797888
4540664
9736385
7038469
7793011
4241423
1226393
7859656
8794680
5559598
4985340
8117179
7682632
8162099
5596531
2500825
8166542
8143418
1119959
3348847
3924515
9916266
9412239
9987845
8730105
2374414
9985043
4352336
6676345
4151170
4551838
1931720
6130205
2095932
8854489
6022929
4388662
9311278
9621620
9658108
6908984
1004577
4688438
5956022
6197000
5704273
5445877
4344969
2273559
1657597
4881270
7308329
4078913
4144052
9777976
1727447
4763594
7611404
7733982
5027274
1856212
6377053
5183070
6339007
8377992
6484276
2811042
6000590
6311011
3306761
9290430
7312075
1929911
9794981
4992953
1953727
5804332
1975806
6949894
8220492
1272712
1875127
8669042
8533270
1269509
6340315
4752930
7479811
2524955
7349037
3995911
2035120
3690987
6689245
7898469
7227869
3145927
4418645
4535082
4965984
6458536
3514622
4536812
5505436
2930079
8282285
5376534
5297230
7568601
2822705
4903733
1657742
3499580
8827629
8937693
2370582
8335254
7531958
2037923
2128991
2615331
7286706
6398306
2683830
3508807
8661363
8368228
8490754
5663463
9408273
3590592
5882128
2993683
8358435
2133226
3175190
4249282
5127840
7064062
4314762
6181675
9318274
6427165
1948227
4191491
5303192
8527164
9098605
1747474
7012734
5962737
4394051
8151666
5903960
1576260
4593484
5643266
4393541
2193068
9672633
7777546
5404333
4795527
3929204
6757048
8917868
6369672
8117730
9301895
2978111
8933295
8993458
4229249
5194909
4134912
7225047
8922506
3135433
6676173
5798421
1680063
4210490
8371154
2311055
2443623
7414929
8298138
8680717
9562226
3714292
5573821
5959982
2872916
8093040
2251970
2933250
2165677
1458854
1456989
1737449
3440652
1602303
4495626
4023354
1441562
4199042
9294198
3666585
1135863
4498483
3687126
4210453
5042301
5306059
3136313
8828039
1557582
4189711
6626581
5075267
1044388
5637135
7066070
5895050
3639851
7842801
4811259
1157397
7593349
8959042
3005151
5227519
9788260
2936458
6652903
5047601
4021140
8923586
8058588
2184710
6423595
4205717
3943738
9593947
3490233
3388671
8936979
3823657
9007738
2875824
8670320
3026669
6402306
3091758
3011052
5718468
1879039
6217751
8040144
3317439
7316269
8697562
5381990
1422412
1089275
4740542
2585381
5325832
7258961
9817044
4053778
4521354
7717017
2920564
3802241
4434958
9280505
1623162
1355912
5025007
7983853
4378776
3980886
5916098
7652892
3414044
6944060
9488656
3483036
6723397
1602191
2642341
6767515
5864435
1410564
3257367
9607488
3725396
6153040
9102379
1983863
4534594
3629601
5045705
3120999
1127345
1714262
9597012
6809488
6161040
6062925
1796010
9923739
4290140
5415518
1653385
1177683
6269249
5157338
6594501
7079646
3345857
3872550
3096560
3472089
4295450
8302241
3697117
2820822
9652265
6697228
2145006
5813790
9249863
9941816
8970348
1492092
2109434
4072961
9872467
3436083
3055230
2329690
3271844
1766963
7338664
7759271
5613173
2219824
2207194
5729825
3851549
4397091
8019104
4707694
9840469
6228034
6631187
5221696
7205714
8981514
3292496
9208546
2287027
2641254
9552145
3753836
9216638
4283732
5457109
4235255
2161774
8141387
4561828
2760416
6670857
6316599
7189266
8821005
1317204
9837329
5837485
8467913
8327499
2307747
2793541
3521423
5592254
1451046
2977109
8095383
8825026
7423422
2966543
9845274
6185380
6913970
7793266
3480363
1749132
7519621
4822093
4247366
7095266
1916049
2210675
8367000
6713987
1800502
3975748
7791608
4647687
3085534
5744062
4124897
7162443
9943198
8021959
3949948
5345667
3095555
5657355
6205098
5689226
2878762
3114518
4034142
3588187
4539067
6236435
7022653
4208690
7307079
6251360
8737406
8478366
7927620
6313279
9480022
8716468
9121951
8719894
3267364
8094208
3654770
9545581
4300421
3023948
4627456
4595156
1277926
7229197
2584612
8729954
5048641
3306708
6162576
7341744
6066085
5952137
6588690
9328587
5239377
3886606
7579892
7400137
7513231
3590135
6684681
4123277
3889211
6567121
3092438
9166807
8683844
6514159
4354447
1410368
5813835
5986276
8252605
2338723
1447566
8210822
2201529
4032988
4352156
4192974
4977271
8945850
7923188
2314615
4280631
5304875
7476099
5639071
7277211
4708596
6648956
8867506
9098926
9094355
9830600
6835516
9661198
6978601
2289095
7916837
6255212
2912836
9769867
7554306
4824590
5171375
8942666
4350202
7633858
1680596
9069813
3249466
5316406
3939772
6870631
6772613
1123807
7998838
8887112
1259417
7187778
4940507
6788585
6290893
7424306
5252805
7370339
5962406
7473495
3890599
9359875
3351128
6501191
9111370
4714847
7832054
7272458
6653525
1146914
9367827
8292894
8171919
3862301
5274865
1886277
8209840
3125307
6870989
4078953
2671428
7149447
1636887
4603976
2475735
5880716
2142973
1014851
1939820
8239504
6159154
8685154
9768169
2719347
8290149
1875146
5203862
7596388
2383005
6556979
9702485
7472519
9264636
1528575
4009864
1344036
3086555
5380778
1422465
2471710
8086886
5275890
1603005
9521641
3300463
3056713
7521675
8390640
5606939
7887644
2466818
8214683
2352792
3377814
9409022
4923642
9305673
9494311
2276468
8372696
8231065
6529749
9310133
8452806
4975628
7735601
9295755
3104069
5035147
5482185
1434636
2702273
7273552
6883832
2422039
3732512
3762866
5100145
6609277
4854926
4455668
6147497
6859537
6684570
9153776
5370303
5404442
4978365
3146572
3961533
6588982
2405089
3195363
2937146
4213033
6157054
6584416
1533449
6238535
8399271
5373001
5607924
3696180
1716252
5925195
7553512
4267614
9110206
5845335
2105651
8383992
1393379
5942607
1386472
6178718
8918707
9315121
1988060
4846870
1680160
2721825
9132990
2082044
9978977
9510591
5007232
1102738
7370239
9057378
6615143
8792653
4259288
2385438
3548581
1668943
2993709
1395653
3009351
2082588
5298986
3341543
9196537
7301524
3984490
3530684
1047175
6058247
5562351
6833995
9289361
8662995
5386132
4617056
9029508
6061989
9328677
2899816
9983171
9956923
7219465
4517461
8103077
4521384
5862690
6461766
4277872
7969517
3831294
3190170
8400656
9081353
2735901
6047864
6076665
7081928
3650523
4301421
4476281
8272164
3394420
3079223
1082126
4454844
5059987
9148868
8279314
2741022
6288305
9610437
9935246
7952468
6479715
8090139
2245170
6441959
6740693
6706962
8068267
5525697
3760452
3695119
2591168
8579668
7019241
5857088
6771446
3523685
5632034
6557389
9523439
8482997
2265189
9389353
2432090
2780692
9477510
1396385
7118599
7963218
6674606
7761990
8300165
4375489
2758590
4322462
8727820
1727680
8051994
4269279
8391242
6685092
3546045
3958217
8366029
5250250
3428082
7037773
9724369
1819945
4166901
1401113
5095672
4099444
9264032
7116225
2173551
2142685
4210995
4800408
1945532
7688447
5448976
1811074
9644309
2235450
2930994
8559514
2574666
1633241
1901533
6940340
8102437
4350481
4234727
7945511
1114087
7909510
6511528
7291535
8860419
8923022
2842235
7962206
9835686
7832616
1833396
5648622
6192541
1154160
8440355
4945237
8755591
6045218
6447776
6197436
1758840
5622591
1896882
6070283
2259832
7747191
2839586
9622541
5737019
2600883
1379042
8283613
9782146
7532971
7445676
8068828
7234166
1019424
4099245
5845651
1363187
6468711
8920818
2249868
3346054
2395215
9082671
3339286
2290387
3179050
5354800
1929519
4835774
8935859
7337071
1079968
1436961
6491030
8150059
2569616
5881317
4504350
6458054
8980339
6568849
4200347
6739186
6347554
5882299
4696843
1466593
5879550
5282639
9935539
7299467
4397888
1972305
1150638
9990821
4250073
6396222
7718799
2777260
8145311
8004786
3115288
5768860
3544767
8556185
9103973
3919300
7261596
1770330
8781026
7389680
6538283
1587400
2443677
3399605
2300039
1803199
4267286
1986364
7822107
8641261
2688652
9472243
4327321
3139898
5073231
2940439
2796009
3660962
5724833
5673352
2984069
1367827
7903962
1918378
3631780
9286803
7237415
4717452
1371123
5785757
7524167
5610113
1408158
5045882
1787492
3818504
3753873
5209248
8093139
9215870
5814749
2585857
1541045
7643101
8613197
2683646
6111127
3019021
6142622
1571146
5401238
1702370
5025860
9249376
4634433
8509646
9155638
6042446
3205897
5179956
1127321
7202831
3831562
2538699
7469145
4850603
2913112
3565918
3980496
9847842
3433495
6942568
5808856
3559468
2146272
1928799
3828220
9810640
4962890
7546991
5053261
6028823
3384802
4563874
4450886
7813168
1956068
7372176
2516128
8096002
1734340
7494984
9423299
5067171
3957152
5836508
2665082
7433876
1056641
9022124
8826204
7202298
1958457
8610686
5465066
2505931
3674759
5290977
6849904
9392039
7192729
1044467
6911849
7508388
7633111
6050775
9860662
8538361
4168305
4845285
2800376
4863098
6410969
2898852
3146666
4305039
6588858
8685217
8232676
9599865
9462794
7241231
2948229
3477954
4372032
5091145
6476061
5967580
6426337
5892512
3022758
1685229
2538753
7553640
3548001
1994554
2307393
2627588
4102005
1905944
9686399
2824646
9239733
9760612
5455787
4473701
6738093
5981460
2014995
1092665
2245280
4474548
9276222
5418326
1341085
3571683
2341013
3942215
1207363
7988970
5908954
9616717
9889576
6472595
4504152
3748002
2873770
6083517
3543102
3655514
8268135
8130324
9883896
6652846
1269070
2416524
8485859
8816327
3748221
9769792
8409340
9288238
9187556
9585733
4297348
8531102
9348693
5013732
9298463
5265923
1773674
4369060
9776552
8912235
3693704
9622007
1648781
1490394
8139349
2905359
7018673
2319305
9713549
5619232
5731097
3110294
3742338
8113506
6253258
3548549
1752796
4538571
8038226
9930143
3045047
7261628
7174284
9601984
9503315
7669668
4316980
8290107
3512100
7787368
1197612
8973598
7731281
1054459
6437087
7382486
5244262
3831825
6402120
6153178
6519666
8255569
4606219
9083731
6029985
8366572
5794838
7286313
3455324
4757141
1662389
1007613
7628983
7144483
8011088
7113352
4933642
5390260
1582379
5863473
1861785
2423693
9320099
7265455
9940787
7854065
9034902
1371982
9840769
3378090
8967878
2667413
6920073
5507477
8740584
1448918
8872041
3099155
8286918
7678626
8036549
8005740
5935951
9525048
2092450
5291173
2071752
3633588
9495205
6025660
7863224
8455514
5864309
4180867
3338871
1160449
7617915
3699036
6240358
5325146
1518260
8597516
1379510
9209424
4604701
7008203
1769997
5426292
2917685
4474733
7466447
5391618
1852379
2857067
6215823
8464946
3645401
6432931
5700070
8024157
1790468
2236878
9592006
8446228
1861302
4654979
8290814
8392737
1419506
3512953
8968642
4489303
8653990
6991574
8180188
3883159
2281049
4495400
4642970
5643148
7558150
2867447
1025100
8082190
6425297
1704546
9762491
5366381
7210586
2803625
2362249
4464699
8357818
7063114
6077004
5702630
2101950
1933427
7058561
6766787
3708321
1605518
7696975
8552895
9744143
3379149
4628492
5908967
8073637
1212206
6633792
4396289
2024979
5181559
8265575
7602500
8782140
8776452
1366146
1613148
3646247
2770205
4071277
1413389
9504305
4212035
2799014
3703071
3972288
4058372
2352292
5047148
5343290
2194355
8154024
1312674
1553567
1720757
7591648
1838075
8012429
8559893
3602742
6802435
5431871
7656615
2715774
3462653
4833470
4220773
4135746
8199696
5416925
1560246
2453344
5192039
7153744
2040645
3563723
8468550
1360608
4470543
4135946
3359512
4806761
1111737
4125146
4612548
1674861
8771100
6150849
9137067
5890247
4985475
5438916
3456190
9113568
5365800
3576989
9587565
6242390
3395392
2185749
8532701
4624671
9912217
2882437
8105010
1492209
3485159
1094637
9949813
5875334
9305800
7331756
4884638
3596469
8678763
3737061
9207332
7562862
5066645
1819902
3943670
2503242
8737626
5302300
2059052
6176711
1888277
5773933
8252932
2389108
9442665
7483060
4754592
3335037
9852426
6103847
6296367
5547429
5429753
1651852
3266307
3726949
7536233
2950745
1444894
1439678
1600871
1672080
9894452
2596845
5072316
4346205
5522343
9190244
8017415
8696130
5315842
4438812
2735167
1696050
7573888
4746204
5429064
4649759
5277383
4075157
5391275
6847600
2134131
1666080
7139519
2278506
2337184
4836291
3583972
1246119
3794979
6731132
9728281
1017063
2615295
3022961
9090435
4154267
1247779
4591668
6810511
6377777
4835639
2384672
9103364
4926104
3570648
2761748
3954888
9270403
8236424
2071134
2521565
4463332
4106168
4479681
8420347
4902341
8282430
2512361
8781728
9002252
6479005
2715429
7787964
8244132
4394842
1126203
3319192
5283424
6427906
1417034
5983406
4446151
4005605
6916237
3572987
4736962
8753524
3998179
7807177
2697935
5650318
7590450
3450799
5407021
5599253
1703210
9722036
3631300
2476162
9340311
5310128
4027609
8459646
9682208
6016259
9711894
9423976
4855916
4907096
9705721
5497990
7820656
2991843
4546258
7422874
6703414
2839933
3732979
8797583
9080012
9005606
2090185
9753681
2877108
5211411
6101283
7215485
9812000
6270197
4687821
5123317
6297516
8158151
6439565
7079584
9216288
2812290
2941255
1438757
4675631
5969154
9893338
3167040
4878530
3030715
7056107
9327283
9173115
8545820
6671201
1580552
8619671
2328626
9483942
5959787
1391016
4346054
4843617
5312449
4058132
2340771
9307477
6661965
8756459
5376027
2859525
4579674
6279134
7561281
5895782
9425909
1953784
7818961
9479584
1109256
7670868
1547067
4517219
1679868
7403174
2159104
5967990
2650820
1336636
4533818
3033348
3018058
5303950
7809730
2241041
7041713
3311609
5884345
1274963
8202706
7448098
4406664
1759394
5148069
4056533
4776481
9602869
6564437
5992887
8199399
5338701
9716493
1813792
4398580
7983317
5952728
1659735
5312082
1439839
3408140
7284536
9967873
9384651
9015734
4655789
5127874
9852575
9920929
8315253
4118208
8602714
4555731
5841515
8493928
5832756
6147362
3841552
9013800
9845970
3123998
5839392
9062708
5444444
9056114
9799630
4010356
7170323
4794580
9733069
7952635
2303735
3595551
5672840
4125058
4669288
9647115
6672116
6202607
4001075
1443255
7475709
9480929
5778775
3408329
9243789
3077394
6536815
1348494
1762226
7754378
6900562
1520288
2195851
4870806
8346063
4239963
4434520
8734792
9355872
4873822
7946088
7623152
2046864
3947935
8295499
9445126
8640361
8197643
7395499
3972081
9666824
5134061
5595188
3655212
8213440
6447096
6144895
4907977
2472184
6678693
6862026
8535690
5738837
4047210
8408096
3651108
3727111
3626160
9180598
5553579
5967529
3887877
2077953
2057258
2674589
6859211
9520044
9409065
4941513
1308287
8864055
3064405
2497310
6059719
5157529
1753142
4941396
4984790
4551917
3903421
6595439
2595189
5904043
9690151
5161444
4364760
7019327
8725594
5451053
9899765
2762418
2133260
1151511
6238513
8628994
1837510
3199197
6743388
5998436
6483722
6872767
9367598
8245835
6972068
6075544
3643757
7944380
4908126
8424096
1189971
2363755
7381156
2078345
2800086
9972219
7936952
9011059
8745614
2000259
5751378
1745243
8146837
7510746
2294603
1181104
5909438
6774038
9063394
1114687
2657698
1345049
6282715
5415130
3175223
2579380
7655512
6419394
5636265
9475502
8232995
2302004
5492930
3248056
9726905
2985979
8002196
3937525
9919944
1943451
5595739
5871176
1826668
3317970
6158306
5298599
8486941
9635462
3443167
3931701
2756301
4189560
9927428
7711563
9770207
2823877
7632180
7351586
4131552
5501658
7110879
7665266
1869714
9005439
1646341
9372316
7539235
1848556
3831927
2359670
2812068
2101837
9385158
7606642
3989157
1260779
1746807
7724016
3672998
3663121
9887333
1238793
5231993
4353968
4992257
2802374
9584048
3843743
6360530
5470530
6538973
6937596
1396966
4627474
3862340
7296144
6338517
9752130
7255192
5633770
2343586
2745050
4254538
2327488
5106144
2644413
3555309
3821876
4608654
8722132
9290988
3141108
6847370
3388457
2871730
1657858
8113586
8363330
2115246
6153071
2992535
5604991
2664065
3632182
4885531
5078813
1358021
9357095
4323804
7695617
8339420
4900272
9775415
1927243
8951648
2960625
9847683
3649415
9511761
9713758
5609015
2713304
3192578
9198470
2279547
9249837
1740505
5530056
2103354
6043821
2101119
7513132
5456197
4511519
8943316
1744963
9079116
3207737
8575309
7331457
8223311
6001195
2752961
4593259
3146739
6528779
5616936
1175556
4516589
6504162
6073918
6449467
1797692
3243363
2314057
5840663
4776208
6242375
8589377
6406435
6539586
6296835
8375865
8787638
4274926
8557573
1455508
3382609
7427899
5473983
8435222
6944505
2317420
4528646
3131918
8642640
5315597
3323455
6352136
5543987
6607155
6691596
2530707
7613266
2330723
3889274
6756744
2548817
2385028
3635537
4001024
5942560
4590967
4643247
4937620
1677964
5201631
8954110
4136183
7181189
5045236
5507920
6354788
7628941
3001299
9984052
6038558
4242922
8528387
6209609
9385741
3302774
5555007
3920720
2350824
9900406
7972954
7814539
1035380
8532675
5605707
3794080
3976708
7967277
4066771
5344442
9538968
6582111
9303071
6531014
4798826
9210963
7041443
6952366
2200254
2342186
5167716
8442790
7870211
2635774
2071453
7981037
2100354
7460955
1129531
7823266
3981295
5567331
6377063
8975276
4608241
2419620
6710435
3444028
8306411
1137752
2160521
5089608
5800456
5934320
7033417
7675347
6332178
9922665
2367614
6892406
3699901
2855985
5032702
7814268
7698556
8589706
5554573
6836801
7153900
1671726
3282382
2037365
2870259
2541452
1948035
1862834
3164925
8085886
6405524
3638324
7312735
8863520
7994867
3177857
9109620
6311667
6466182
2710776
3997095
2295232
6185298
7861781
5779411
8030510
9777477
7834880
3179580
2149175
7081377
8353354
9475395
5777633
3613704
4925002
8611177
2350351
8765463
5574764
9048697
8642384
3601529
9021608
2219338
2819170
5978472
6427473
4071443
8679511
3236935
8641622
1687472
1943279
6486411
9951508
2421113
9373956
3135124
2935388
8747555
5482936
4601539
1188411
9751583
7906152
8516528
9680123
6125987
5413609
8750621
9957942
7442874
9869950
5265293
1042064
9114699
1625949
5975571
2355402
8799810
5245337
2190890
8289665
8378583
3358181
3430739
4165668
5396789
4492501
7900830
2907999
6841559
7224025
4793920
3014094
5835167
6050151
9526832
2882231
4633181
3194173
1760456
5947231
3587784
7798413
1481841
1544692
1780573
4498982
2326346
7268230
3339494
8756840
8236633
5986210
2027398
9419500
6434772
3653703
4592428
3026470
3668762
3334395
9076340
4880946
6426748
8503256
1802870
2612916
8151474
5081340
3819435
3903706
8825088
2075788
3307366
7546250
8435515
9071064
3465163
7715731
5056571
2862604
5357686
8368428
8225549
1673253
6250327
8992255
1600802
9631696
6133909
4322682
2369697
6325469
3202188
7251678
1442650
6204887
1366425
2004032
9137535
6962056
5539843
5371706
3504054
9769932
9279022
5982313
1998040
3558552
8218408
1528445
6301369
3741564
2660969
4365010
3633846
8463861
1278123
5585805
1817725
9667729
1800965
5261450
4800921
6187101
6468275
5780058
2348163
4394566
8752613
9450324
1058137
3857789
7169629
4603982
7652391
6422541
3993089
5978762
4689656
3277827
5250145
3517159
7899676
2959325
7765340
4932689
1297438
4455334
2172923
4530955
8857076
1632952
1284804
3131979
1156135
7576393
8857567
5665651
1271627
3781848
9853638
9137178
8470001
8371355
4984806
7316949
8700381
5179863
5704950
9009127
5966926
3440313
8596633
5278203
6268123
1395465
4801070
8239023
2476748
7337245
1087389
6769485
7162591
7450832
4515748
9260739
7668442
1272344
2041115
4829883
9695003
2174408
4953238
5732340
1589170
2413252
2754685
3974894
6898773
5603559
9554193
3658976
5201351
3636730
6344580
4045946
3818086
5014340
4029457
7194720
9301320
2351505
1067009
4401285
2329810
8981916
4073282
9731031
3734150
1140312
9594266
5659155
6821446
1131986
2443622
1301487
2212427
1036156
3975831
9224502
9241025
8105272
7810694
9919511
5296834
7316138
2308109
1833856
7728928
4444976
2236934
2951162
2316107
4751140
9003686
9941142
2866241
3644147
6830359
3084385
6251353
5874430
9727144
4171518
4635679
4278635
2199042
8296593
1598594
5511910
9049081
1411612
1470082
5803065
3328414
3060843
6961939
3400006
8579502
5357767
6169253
4624500
7243712
7894476
3159923
6402006
9395754
3491134
7795345
2417817
6733236
7168040
1978509
3457530
1614712
3170002
9658018
1056572
6810260
1185410
3512507
7990846
3036948
6301920
5350586
9019495
6579412
8713947
8990906
1655396
5106523
7147040
2368092
3215879
1566623
1359669
8698807
9463949
6967833
9412163
2455526
2104300
6706907
9142244
7160229
5060665
8359862
3757460
6377641
9294172
1327304
4690057
6740966
8631570
8762335
1480588
4364280
6407080
7135399
7478189
6825378
8080238
5733054
2397466
3064194
7660910
4076804
3362647
8777526
1097573
6271557
1958131
7947858
7295862
2677778
2912658
6947410
7708871
5357476
7250792
8761185
5162984
1716908
9742723
7213235
4585060
4261875
5493548
7744419
1974066
5659654
6037529
6163654
6919148
7071168
5754823
7805949
2714037
8274438
4257099
3666353
2712839
5494374
5752662
2539483
1711128
2177073
2924524
3883988
2384902
2514476
5237365
3024413
2429607
7145475
3671471
1259441
9937083
5930825
5001704
6923420
6189214
8355964
4470560
5782668
2445933
1735558
3590619
6486125
4150950
6746663
3975097
1791704
5341715
6179630
6050138
4751415
8783483
7674399
5355214
8957623
7995318
2429669
3741600
8807296
5192461
3255348
1219891
9777995
3573078
3559664
9531243
5939162
8420865
3952979
7826174
9266653
4839725
3530422
4731106
5624743
4627296
7132479
5846608
1576836
1421074
5832644
7448370
6183134
1561484
6212789
1278236
8578775
9469588
8240405
4768666
9169491
7042955
7915006
9951179
1333704
4532184
9221304
7292541
7361059
2634185
7046476
3348253
1305904
8062917
3750499
3440108
1415068
1267492
9401385
1670079
6147597
2811589
6354836
3719347
4999627
3005128
3890202
7257142
2894988
6594310
5389352
2831625
4666435
5308377
5535755
4251111
5241608
8458716
5642023
1883468
1358672
7451234
7476177
6756249
6396868
9293732
4552458
4697466
6032814
1042422
7880448
1799999
5142978
9476448
2547808
7886267
6427080
6694673
3313325
2652317
2813507
2830170
8030170
9151536
1149633
9647508
8347072
7741386
4400414
5543520
3946147
7464340
5719512
3130120
2775796
5069905
7534527
5625629
6942691
2537254
8950455
3228622
8988082
2247068
9546508
2282024
6046454
8691506
3227476
6916008
9524379
6196888
9987776
9182271
3031167
8431493
4170607
9836939
2050141
9497027
4509711
3133243
9756150
6143480
1170029
2046689
2618257
5352882
8603968
7882746
4643517
2117468
3619356
8795929
7719200
7765877
9139866
9394116
7069836
5928637
1226592
1059268
6253695
1944812
8062772
2375059
6775949
2892696
9648670
4031476
9934578
9746801
7579268
7314825
4248277
8140133
8490978
3617902
8096149
1612763
8038132
5201097
6336125
8157940
3031354
7663932
8244247
1754671
7044638
3767419
1420319
4467715
8376138
1616999
1606610
9880564
1814777
9988694
5924079
6717343
1747168
4693369
2917479
7581854
8633655
2093079
3167748
5270988
9998014
2893535
9052665
9663468
4249021
4629310
9347703
6753844
4371478
3375773
9308641
9555600
5273546
9956299
9866169
7758776
4711893
3501603
5867406
2005473
3260720
5111426
5019656
6349659
1586748
7606496
7327354
2307560
8421711
9741259
4168053
4749451
9539156
9571731
5911105
8742843
4040147
9512832
6355089
4268949
5726408
2076759
1715422
8244934
6994839
9140187
6088561