746561
45975
555473
626295
984482
224814
720116
837650
46504
497387
771467
793743
967498
826190
254134
994301
843881
613971
27685
802180
384608
859284
852577
45712
912242
633489
707831
150410
75518
100460
837891
47950
57205
53762
428226
30290
17084
649410
849301
624587
625737
339771
862410
518640
679863
298308
535407
182125
127435
665448
314584
750069
895658
939186
313385
734083
441128
728806
730714
687809
486144
841394
346996
134621
386119
216650
693817
363465
967933
671948
341059
462915
817081
823150
105670
951427
851815
569608
637209
179677
522528
20456
395378
310403
674314
82208
340486
448699
85063
764816
26865
461311
148362
898295
37332
53912
571579
324431
221449
198593
779225
762387
30657
733446
814750
368781
134484
513717
727877
595088
516627
127408
912899
570629
374681
172029
898732
445653
985242
215799
142932
56348
435123
676528
672845
377339
659542
294900
215388
621503
9552
645202
26058
973519
660689
335780
26457
64864
4316
300132
609152
818627
290680
485825
693096
320749
456922
479793
890595
805372
401538
718070
112245
867630
849638
513695
823758
522990
106638
956940
23589
419680
200580
386966
150796
591800
689321
573584
502506
85285
538162
978555
452882
339753
995746
649847
21657
388907
825845
779656
712868
807336
769874
996083
718063
978668
154746
97075
501889
993454
546053
264067
270944
755456
68678
288280
610762
344282
43298
863175
395314
6531
760496
808490
371226
178858
935385
703909
713309
690356
506627
830051
299227
312574
966925
712542
740510
412867
460227
561053
640941
800494
361431
832089
482118
920556
144083
471934
27939
869791
470974
440002
400097
371841
625864
620091
925780
752425
726794
159424
528193
51843
439358
958504
608726
943465
388264
662394
444417
42920
921791
651530
146731
697298
949254
654214
598484
897752
431168
821409
243205
419586
437323
105928
572587
348517
84736
289927
572116
115590
2366
353950
952908
816387
360584
960338
49224
650364
390888
716237
26706
798302
420748
824111
909317
615800
281763
275672
278928
56466
609548
539665
626324
483046
696831
200452
393717
392643
145074
56814
58115
787498
441401
678489
242767
671001
204977
627060
772757
799681
31459
408350
257612
91411
287309
713851
137874
7759
251001
13584
279976
418902
820243
889334
885013
895631
642119
731679
734245
696927
764272
489782
490973
485266
789407
293672
999147
141117
207924
93743
595523
357264
605157
137681
877422
1670
835251
373351
891224
516186
294890
361290
988909
823246
32080
771581
609653
177858
171682
129274
579606
990884
408955
15078
575278
899460
387585
17277
832049
993440
581039
119532
885025
721076
37312
685303
44872
468255
221837
497384
194509
740978
577211
884177
322095
509795
553149
619815
722407
524840
542030
422242
154142
455414
323164
468025
497466
773490
820682
39101
410834
10374
605267
142725
531010
542264
186185
202054
157592
792557
714616
632278
9353
99269
994728
57943
497565
308141
983418
121013
669096
397417
620279
368330
102074
514018
45867
132222
809867
312893
458614
262397
127372
130522
641415
435390
83056
779963
210843
693435
277152
581026
873512
619207
979933
17174
409485
149483
147853
147661
609009
309494
951218
123863
528439
824200
74282
296546
601525
24963
900649
284285
775146
769805
250970
462849
238269
570392
111348
294914
25937
329145
344155
164440
502693
132215
209002
536776
347823
618517
923604
41524
883306
274841
843534
120455
691468
545387
943152
919039
149556
821494
96744
261898
13821
496598
50113
888869
74300
554757
558166
758689
871093
7027
537856
297657
738266
526659
454178
267491
324830
497596
79572
223026
985811
333801
703303
955175
757313
419881
677891
500225
648207
730527
399070
879185
56068
214587
597954
335750
501697
822413
608061
790398
990396
607686
865540
854174
502441
506891
498274
146758
795006
561038
511289
796862
491736
424574
576548
233219
609991
247083
518930
236347
641871
125807
387578
875632
140106
945540
197241
733652
19507
36130
289297
37401
726904
725312
579963
503532
276417
238363
221653
364628
879677
92490
995848
899731
384509
641497
150263
189106
917358
921913
633192
803815
118176
575181
586204
449145
415705
331235
590533
90734
639408
621476
566019
330157
465604
912223
207259
697137
874125
297565
187443
306086
307694
848824
93149
670699
343302
167542
382856
521729
283455
656222
160932
548393
621463
627639
495643
509026
337248
153085
777034
608518
364241
628022
997620
305886
517734
247772
734102
940900
807225
695132
876252
183317
937582
479387
887109
842645
34533
787040
221412
890101
435321
866071
105353
465409
408656
689330
388452
212516
380791
908081
585344
996774
688053
615764
422508
886486
77236
98646
289448
406752
63678
502547
595841
433030
763887
840217
81000
165355
709099
49234
396844
421934
263636
932348
348189
692307
687718
428417
808646
388386
888603
567901
802666
362155
832774
982799
330093
317004
990811
359581
462042
685522
278738
778541
360621
909105
369910
330576
516507
796168
404033
945574
410377
211071
709699
537125
146049
276474
784352
347939
674077
459525
897203
69823
909534
486410
302701
779883
578804
629039
800667
361427
521945
626802
788529
946154
874833
884501
731252
874650
195277
459668
786397
202358
507799
444239
103763
2292
233266
618153
416083
99885
794557
542409
740965
964636
782259
681606
444195
194053
817978
737828
924713
67789
873854
6207
135905
712608
227068
218305
310697
126511
625388
49142
818855
555213
149459
773945
228629
708846
539339
23736
521284
420981
470324
946236
849484
944767
92747
544363
19974
671701
135915
925610
88544
936749
983799
66602
421322
932079
570432
250344
954273
363133
80876
216740
793308
778991
461
10806
860670
109709
305771
122148
666602
852158
902056
437221
692166
952112
2313
966292
581125
628964
792695
823643
731839
666731
715427
854606
601282
535547
344612
867670
67572
809779
227182
203477
82930
870694
374022
385616
325729
573033
341043
506835
101295
499070
479568
565156
978798
238638
303822
719022
737198
421357
862033
499248
464764
989561
72038
238457
563239
226454
992281
273131
758457
68116
62175
696106
973830
432163
369523
687901
228090
948382
543077
264543
882208
140520
916506
886581
329131
404151
154166
915373
826896
119097
342293
61613
315835
880369
256700
731928
474240
984653
405703
901857
524139
933565
978780
398997
481411
189330
241850
999059
726580
11536
57191
296373
181670
17253
699051
529894
501826
516469
695400
892930
744976
658319
138508
794812
107466
732131
264124
596979
768951
813560
362239
912562
284238
886181
746821
867684
278652
107963
688011
509023
317581
49817
296827
233253
161610
106194
562306
485570
904803
568949
777788
598548
882369
463851
991520
636556
512999
425505
61552
122951
846171
926585
609215
114220
220882
221408
631301
873633
440206
888509
116030
85598
124615
926026
293625
663406
989410
908872
484630
997302
849889
9856
523537
656767
70743
47390
25340
181896
29560
380571
383347
776269
149382
484708
931529
189706
94543
390585
967640
13102
906552
783689
987059
845113
283970
664061