4030300
9307004
4885397
6870332
5706144
6888740
7985246
2143943
9959834
7875517
9075934
7355224
2283204
9481241
5736816
4203674
3840420
3262494
5244304
4578770
2466674
2516980
1974029
7843627
6773339
9225393
1150682
9578571
4022505
1108083
6230857
3536908
1219682
3917211
1070689
2012205
9142841
8389679
1980902
2392717
3430960
4377414
6037740
3426187
8805637
4535899
6607112
5444232
4549476
2332584
4936269
5389481
5698325
7341775
8090515
7831135
5695373
1344577
3665156
3321182
6567576
9978151
6350865
7887868
4552795
3526564
3254984
9249408
5518947
8177679
9484343
6457959
6281417
9934482
5041700
9319514
2078124
4359168
9697458
1858210
2963293
7847613
1334986
2974343
4361157
8636657
9803923
9812474
2470529
5616343
6671155
8666779
1978945
1157027
7375263
3090780
9412703
5808806
6145673
3522554
1790226
5800466
1564501
4584305
1358249
7899797
9620647
2800407
4766311
5616226
4615388
4950160
2556164
5577208
9833801
1281381
1670219
1167243
9590396
5782639
9521474
3059613
3412938
3539328
1829493
3307927
6806821
2133561
2744300
9008698
5821763
5962656
3605302
3325451
1405745
9097065
3727901
4235323
4010908
3194475
9794424
2134271
8657311
9247913
4042456
8694685
5982118
7139181
7409724
7215080
9575701
5953740
8057091
4532651
7702261
3777884
4963414
1017389
7761494
5787207
4807338
4985370
3377930
6531344
9416864
5007573
4634423
1205116
1347583
4812219
1550277
9272736
6340669
4667589
6913582
1024492
5931850
6183343
2576780
2056642
3236553
9705002
7305107
6374481
5283887
9280296
9190146
8380136
3884362
4912731
5360519
4844411
1534044
4368905
9501242
3388188
9784444
6536503
2673610
