8875361
9398800
2951197
4518372
8392833
6577272
7694974
3206971
8527269
2653728
9686408
8864051
3082596
6781373
7792962
6120627
4313729
1350414
5792864
8805765
2772179
3310588
8178579
8823710
9700955
3198496
2050410
3281920
9046554
9575996
3957612
6880595
2710359
1030172
4977452
8027400
1006303
7831431
7843627
8485187
5694615
4618355
4814419
6434928
2927070
8310140
7899109
9755279
6051552
1239566
5150686
1983950
2247917
7107710
9180204
9747715
2576780
2145751
7400982
4225195
8343143
9652584
7887868
2060068
4822559
7782826
4893621
9573366
1529035
8808593
4940722
2306319
7971430
5313768
2604802
2622211
5627385
1966409
6090451
9308415
6780827
9157654
7486828
1668437
8328532
2082333
5286941
4885397
2125349
1079186
6564576
7143952
4718702
5988912
1789772
9247913
4335377
1076904
8588445
5367416
6040618
2501335
7478456
8570131
7556805
8495690
4303766
3621779
4788979
6666909
1912719
7769780
8127927
4471466
2464451
6128704
4017593
2040743
1798090
8845544
3654058
6204717
4895541
5669411
1729732
4743380
8420159
6957356
8805637
4375804
3574441
5899953
8540503
3526564
8258592
4572137
6664280
7455628
5650578
1204033
6791342
4243454
7575724
7028941
8747727
4506975
9135413
3222238
9434872
2219842
9521474
5982118
8433021
3236553
7923319
6642734
2738499
9307004
7585849
1589662
7946732
7341820
9806584
9301443
2071084
8165407
7479591
9980931
5760122
8766336
4000076
2967217
1457164
2360282
7384056
2638943
2424085
6944488
7093330
2347882
4021735
4454710
1534044
7819570
9466903
2931656
6549080
6067349
6670644
7666950
8383943
8410715
6004749
9519171
1346918
4676867
9682266
4584305
7142364
1277734
7524031
7391235
8056972
1219682
7963646
4706616
3700216
8340535
6883552
5750912
2871407
4663446
5695686
8514858
5042130
9143282
7030437
6492114
3306630
9576125
9607716
1775283
8057091
8163785
8861260
8796736
6715575
9924229
9894024
5435524
6005616
2483447
7629935
7899797
8031460
4763981
4470226
4359168
3060130
3186928
3057097
4310836
5609322
6703463
9406137
3338060
8775150
6929122
4302385
7543445
9464599
8680062
7245340
1285039
3582182
4978578
2851063
6110209
3501300
7255100
3192570
8563224
4269118
8254457
9370715
7498906
8302950
2056642
2911255
1918928
5344228
7126548
2705190
2647967
1368209
6465526
6819654
4500628
6513194
3719927
6683011
4947218
8742771
5161782
9015918
8694765
4015513
4397671
8532612
5152461
2024591
9475633
6413716
5176184
8453094
9282348
3289467
4074969
3297905
6859426
3124365
9547480
6738070
3009637
5780259
9537282
6801600
4200076
1838029
1295857
3601189
3335440
5821763
8279823
6956070
8321999
5959609
2786383
1371113
4098166
2713973
5145316
3539328
5853234
9412703
6729946
1580453
7746908
9967535
4449104
1153733
1462207
6901288
7334558
6055241
7642418
6987917
8223461
1025136
1742994
9501242
6679227
1165379
8606637
9651445
7591296
1049834
4058996
4552795
9249408
7517001
6039504
7833250
3408172
5695373
8381006
2295488
6229448
8423720
8585591
1766746
2392717
2252001
9705240
7199480
1446075
6693752
1992780
1251878
1559238
3113187
9350687
7696203
9311853
4085107
5616226
4168646
4490327
1680524
1836692
1135116
2257037
7174488
6135927
2719086
3604393
4122159
7490504
3836590
2926483
2921585
2670809
4736110
9054443
1576945
1150682
4642256
4875424
3547124
1593158
4971602
9339226
7472164
5286448
7385229
5785288
6281417
7386194
2574992
4962511
4967915
5372574
5902414
3258753
6881042
6304688
9796306
4332798
4735900
1344166
3628431
4286474
8716352
2563979
9817937
6098103
8637192
4602414
7619094
9145328
6620659
5080268
1614241
6684677
2218187
3745899
6833276
9812474
6739537
9590517
5083352
3527047
3324449
2540685
1945419
2331822
3320480
4963414
8227749
6172372
4607710
7341775
1286738
2898351
2979003
4466745
1037584
3840420
4472088
2393953
3140045
3278101
1194737
7184585
7639942
3561601
8976784
1386822
3212030
2325983
2592817
2742576
5381049
6441663
2650941
5138356
9889259
7159804
1451979
9590396
5483318
8578805
6452435
8082626
4535431
5556531
2474065
2827902
6917075
2283204
5122852
6997431
6561790
7157369
2824722
1465283
3355399
8449678
7848578
9697458
8931462
8635157
6225525
2214500
4768241
7998364
7720991
8260999
2362563
8087991
8526351
4037591
7976962
1577881
2677045
1047793
1329141
4010908
6990334
3076465
6791336
6764088
8292923
5934361
1027124
7564585
1344577
9113981
4934417
5451403
2260427
4501769
1350773
8947785
7128429
2826790
2882850
3396492
5800466
3393743
3333440
3069245
2413162
3333851
5582575
7000465
2974343
2109032
4030300
3754139
1216141
6531259
1991247
9076619
5788796
1358249
6082208
4582152
8189193
9103979
9660163
1452417
5181897
6640018
1837417
7931466
4159900
7941303
8359408
5011051
3896771
7144417
8208782
3282623
7588018
9638990
9129047
1803383
9558439
5100204
3707093
3253950
9395380
5469159
6253106
6265709
3634799
9008094
1699060
9846840
5692545
6047692
2179235
2332950
2387513
7985246
1275519
4667589
2103428
4005741
9252467
1301120
1421453
6921157
6257418
5882220
3697842
9675945
3360467
5811559
2454836
1016265
2743092
9749364
4281536
3861345
6541353
5125732
4951770
4302114
7885200
3383164
9784444
3386968
9699400
4572064
7625660
7398506
1858210
1266880
8077544
3192775
6183343
5874647
3879354
5041700
7464229
2530109
7728475
3740400
4040670
3341819
4760292
8341856
6410209
4320876
8479277
6022505
8363471
4237609
1928848
8130599
8831924
6801820
8671470
7645978
9318461
6314840
2445492
9056959
1462359
6407962
1983322
8808632
2421025
6268008
6659481
3541480
7249583
7971568
9167708
1900587
9959834
8929162
7502340
6788643
6919837
6905638
8590177
7848196
9866826
8080287
8254980
2874631
5815265
9844279
2996849
8696596
2182281
8862945
6151756
4319422
4114629
9585485
4418816
9490626
4811475
9174437
8955961
8144723
8005463
3177361
6557034
4952674
8380136
7387969
3781241
6284513
2578906
2449819
8856038
6055968
9077188
4115606
2223626
4551633
7025072
1585208
4771673
2224566
8694685
5988817
5175739
3072808
8900164
3090780
1790226
9889242
3604786
4549937
4543562
5905157
4400818
9826851
9803923
9163557
3958426
2457644
9886883
8794092
2395825
6559481
5759135
3615193
9964717
9168030
7320732
6211311
3255687
4572249
3696363
2756105
9847006
9618373
3262494
8546050
8303125
4673469
9025245
9538510
4130191
7960831
3321762
2176591
7469389
9629259
3601974
2673610
7539705
1685960
2336659
5480758
5419303
9978151
2012050
9854201
9806705
9342279
9237034
9573486
5782639
3218330
4909117
5715799
7888667
7957398
1129275
5103205
1814022
3484258
9487379
3033318
1347583
5022231
7602665
7945422
3321182
1972617
7705144
3200005
2151027
4381952
3150293
9160904
3834093
8717086
9401356
7628133
5101110
1507329
7949705
6988735
8681821
7658383
3432463
9921513
8301403
1165776
8901886
9680159
7831135
5209855
3043558
3069472
6687701
5829796
1376725
5736816
9358886
4605696
2209272
3033494
8570768
9226368
2154375
9034232
2440338
9998537
2529874
5263990
9032124
4245598
3925705
2674850
7847613
8870229
3414440
8913952
3185709
5094497
6302656
7417260
9848414
9295434
3238108
8447830
5632531
7004406
1331911
9368349
6403407
1372242
4361157
2613987
6064595
5056227
5248376
5197340
7366152
1657328
4210061
3727901
5361254
4856084
8069802
9030699
5025281
1978945
1712715
3035894
5301981
1400239
1133757
7091604
1676905
1785615
5325852
7776097
2494498
1477665
7447861
4678773
9617990
1891724
3069779
7619008
4549476
6858638
5972303
7482875
3010134
1828454
3522554
5139748
5303521
1873296
2206067
1674796
1235814
3299060
7643759
7862700
6798279
3988709
1611922
8293807
2115615
8243315
8427051
8149940
3005376
9647680
6784671
1003701
6553685
9286173
1034106
6393306
2785219
5008626
7862225
3595374
7914108
3908822
1787781
8475713
2778170
7337711
2593706
9771104
1288073
7891869
7247636
3689322
4940879
2979421
2105540
1205116
7648448
7048350
5133813
8865856
1266964
6222474
3023672
6894710
3426187
1034035
3061330
5616343
3489678
8804130
3717235
3524572
6564346
9454003
3556301
4869415
7448948
1070689
7267114
2822946
7392332
1284539
5533932
7368439
4025471
8283985
5136295
3891772
5314012
3702830
4917695
9458004
5444232
7890369
5788850
6672894
4792401
8750157
9772290
9289724
8211246
8550268
7582974
2535269
7131243
7343040
3825506
3699421
1588126
4043325
2032850
7977317
3505075
8296660
4198995
9181249
3966607
9335700
2094339
2839950
9677158
1002375
2938240
5117452
1980123
7329718
7046846
8103395
7033529
3864222
3794910
4207388
4228408
1281381
5407625
8389679
9473101
3225740
4115263
5962656
1978930
2133238
4944082
5702216
8087980
2477094
3736197
5840140
8698178
4234677
4899487
3745107
3388188
8103180
8802235
4312306
7162280
5314672
1261448
3391697
8514758
1171903
4681209
8950388
9927726
5426024
6427980
2718048
1158151
5831104
9187616
6943650
4377414
4634450
9303366
2537898
3968659
7563579
7974405
6878726
7665028
9979518
1839224
7617556
4589510
3976469
2687962
7896566
9283155
7868788
1177432
4597706
9121924
9968716
5605261
3061811
5929819
9768281
1405745
7155338
5009856
4379944
9360286
9463903
4644991
5050572
8126853
2963293
8503924
9193566
2409304
3521264
8596121
3803966
8161614
5569261
4097070
9815713
8307668
2777678
9214725
1476851
3624969
6228989
9481241
6600272
7857839
6638414
2709779
9782234
5247575
2583476
5114824
1977073
2082729
6870332
7867184
2136915
8499192
8666779
9161639
1783129
4111529
4158708
6374481
7071720
6498421
4035475
3600159
3605302
2484201
6476131
6626082
9276077
8285734
7807640
7958146
4873668
4411696
1324453
8129806
3041451
5574783
7149597
8726107
1594792
5223522
6316834
4634110
8981993
8594109
9803188
1386648
2533374
6662644
5966113
3338953
7451265
1142697
5875826
4415427
6915322
9190146
4925810
4713706
9333267
6512551
3842579
3304209
8649920
9328924
4457474
4761073
2170899
8140919
5652611
5360171
9688076
9583926
2404627
7245090
5458921
1470548
8450579
4887558
7367003
9477321
5326194
3841779
7435976
5069998
2407316
6737670
9225251
9234054
3319491
2040931
2473596
9280296
8042337
7225057
1088344
1318640
6871312
1659791
6625300
2495428
5469671
4330474
9933951
4068940
8572762
5486400
8202727
5939359
3950005
2540197
7260432
9764645
8828030
8345270
3195620
5635594
9407500
4372992
4654078
7269227
5037834
2143943
9117164
3032712
9093963
2249306
6431878
7707662
6511469
9372110
1412105
7813529
8965596
6517252
6914692
8604735
4374238
1648007
9489181
9075934
5632997
7155643
1876260
4414416
6977342
8856369
9484343
7294684
1306515
7842781
8007993
4368905
5264220
3678695
5122503
7015615
9934482
2694348
3040465
5812122
3536908
9926150
9946394
8160590
6202470
1462150
6708107
5281520
1211667
9620647
8653461
1032416
6425441
2588197
7327875
7575550
7095827
7375263
7323624
1081945
3280539
5368673
4592629
5530123
5715962
9747914
9809393
6969062
6887597
1133976
3772920
5444920
4636276
1491386
2370934
3315687
9833801
3214466
5808806
3297878
6231233
3758427
1122446
5056251
5551235
3830119
5819107
9693986
1378236
8240521
5850598
3815451
7989175
8026164
6340669
9053369
5177141
4989329
1066233
4091106
5423122
2791526
6047980
6260551
1915742
1494170
1230053
9705002
3969219
6806821
8581052
7767726
4255491
1316576
1630211
3072852
5095061
7871808
3187473
5706144
8336619
2083014
3902268
6035617
7862164
6837924
3365159
9566006
8428660
2674385
9272736
4564373
2303389
3064418
5883719
4852585
1730122
1952819
8595535
5531316
7290077
4807338
6437803
4907159
4294545
3835352
1274079
8453619
8227871
4760072
7599550
7305107
5389481
7147528
5244304
7245614
6847643
7046907
3621039
6502584
3270061
4611659
7149516
8287346
1555671
5593449
5360864
1024492
3980376
5944296
2744167
7547994
5761378
7345852
4308731
2800407
2021229
6813045
8102944
6017200
3402537
5936848
8154372
6100833
7767775
3984575
1564501
5110271
7867779
2744300
3608760
7394739
9099673
5763679
2293211
5565994
6268105
2043613
9794251
1936332
9072981
4523478
7015729
5402018
2786190
6318702
3176190
7984507
6429739
9504071
1763762
2569419
8567516
5100677
4645929
4541450
7794220
1615525
7092656
4600725
1811118
4656918
3306649
6885443
2858080
9571238
5278859
4388981
2239601
4778214
6550402
6970355
6716095
6959821
5715932
8009195
5543335
6003567
2793526
1499875
2332943
2034887
2937392
8509002
2906509
6834746
3570788
5635078
9705335
1664178
1420338
4831632
2715057
4066002
6380852
5580883
2923816
8524345
9163887
4913713
4790911
2516980
9490045
4104771
1647010
8355833
7177402
9396013
7135270
6910983
8870523
4912731
7478637
9432245
7355224
2570817
1721247
3357115
1736690
4844411
7196362
6130727
8220463
5219153
1373146
3800525
6453676
7813846
3995718
3197497
4455087
2564128
4808919
5577935
7178080
8910407
2625717
4867797
5135187
5524010
4018619
4225981
6323312
2908394
4154396
1333871
3630641
3586453
4724821
4509420
2212451
9649951
7719262
6439473
6473793
3642637
2102251
3549480
2965954
2089495
2830868
6773339
2133048
2586422
8846527
6002090
5435691
6213445
5859340
7359473
1602425
1980902
2214674
4042456
8709957
2336421
6859014
1080207
2549763
7029486
5669663
9833287
7602722
1360915
8140552
4207145
3030388
3377930
6617287
5481247
9424805
6208978
5638267
4549110
2372268
6552608
6316768
6591079
6292107
4695491
1584339
9230487
6317460
2790074
8277014
9641197
7228655
1197805
4662245
9501978
6583385
2662822
4664084
3332492
9947619
1547245
4936269
8123151
9826632
7791521
4917942
1529301
3769579
6443668
2192619
5046823
1700709
3644205
8707737
2334625
3915197
7468485
9679192
9033344
4963732
1267171
8251335
9075927
6962692
6310186
4553252
1593794
3514102
3028777
8075948
6827882
3609303
4532651
1313313
9867729
3881076
5275512
7259260
3199608
7468140
1666588
7001030
7098485
6939040
3423394
3317732
6304805
7327021
8691672
3478702
5696069
3642329
9920648
1409066
3697499
8290765
1523881
2984906
1647885
3229300
4108057
2963416
8532939
4417502
2544015
7288367
4891447
8741461
8155571
3873462
9832815
3545898
4965916
3518883
4588811
9317295
3509027
3373484
1928433
6552315
2656921
2566661
1167243
3669483
4359703
3917321
9856631
9291576
3107935
3324776
5819128
7339415
8167414
9764843
2353142
9171993
7481636
1414390
7269321
9225393
6018248
7707622
8980707
8154989
8661487
3188421
8998533
1181686
7077819
3881412
1017389
8334764
5195005
6779516
8643953
3281246
7054388
8813717
2514898
1971434
7469807
4409658
5836517
3718635
5954319
4595486
7048253
1908803
4355323
7096350
9311396
7492474
2470445
4258368
9431618
9091287
3563150
7961808
4213286
5068397
2710731
1650447
8376072
8168931
7375738
7200949
8692673
1641230
8835052
6254727
4664583
7762161
2734161
7875517
7513118
7139641
1415989
7703519
5931434
7812150
2949859
8967977
7960949
6536503
4528175
7452176
7879944
5490780
1252633
9013603
5648806
4108616
7040858
6308803
3170154
7685795
8636657
5542964
1211395
6589735
2375734
8315747
2162006
4598509
6255858
6599235
9469086
7017749
9413432
4184944
3775496
7835761
7784705
9269220
2175470
2655624
9626677
8874882
8511818
9845654
5905132
2614035
5626000
8452185
2284172
1612929
8569417
2837242
3348939
7554025
9705957
3061440
2035096
8643786
7517893
4284177
1112520
9253353
3105013
5215629
8030232
3144892
7226027
1548072
8324707
7069417
7859265
8034295
1005172
9512518
3459877
3895805
2054796
4172939
8214093
7631415
5315978
6228499
1635622
9197044
6945413
5142471
9052643
8441285
8499368
1442834
7319858
1708404
8509593
4849447
3913297
1002736
5191199
8353557
3679720
8657311
4011201
8213923
7999266
9929135
4404062
8227310
4947752
4058972
7100882
6479355
3254984
7522068
7702261
8146038
5498013
6142634
3412938
6688547
2446174
3315620
3272161
8350381
5836054
2644952
9270707
4040264
6171298
3417822
4086041
5906967
7892612
3722141
5855451
7689929
6435171
8746832
6715186
9770814
5568379
6061571
2921288
3727934
9434408
5019678
2347631
8479973
4320329
9920376
5987645
7531632
2684251
9361199
8835131
2557908
2781584
3198233
9131536
4289143
9132322
8030401
1523493
2487334
4224979
1613697
4242630
6968748
8587611
7641778
3233954
7176083
2556164
1338247
4322795
9789649
3122676
5289554
5993822
8247571
6186091
8300089
5369083
6108290
4693453
5859559
5100711
4812219
3141727
3941410
8712207
3099277
1065002
1076324
2342542
4260252
6119482
9531582
3876825
4768752
8990663
4479811
8292107
5185878
5948637
6529694
5034892
5729780
1777307
1021993
4203674
2528928
8862849
8988623
9489384
8899398
1261347
4440263
6281978
1100232
1148762
3783351
8843096
9684910
5832271
1013425
9033919
4897489
5360519
2048004
4738387
1999142
6258608
2964145
4920416
6209152
4846743
5832312
2790395
9851298
3983018
1972908
5948470
6332446
3920454
3694592
3637935
7337963
9960271
5345686
3430960
6374171
7417489
5276288
4630152
5988313
3610901
4038218
5283887
7648495
7303020
5802251
6560451
4188668
7761494
4505924
7364685
6446505
3174312
7124953
2066233
3584214
2511805
5953740
1130699
5021175
6271507
4724156
2285899
3530251
6290881
8994577
3801800
6888129
9009236
8372906
2981495
7698587
2292732
3172304
1930950
2078167
8296150
8132415
3400933
3789583
6348212
7767737
5438734
3905460
8942249
9963114
3171222
9474082
3377352
5578703
2657017
5423184
1321275
3175493
4070601
6651323
1749006
4650883
7890095
5014402
8514522
9397138
1427591
2641327
1295319
3627228
8289525
1422830
8264613
1268823
4070916
1896999
5538112
4115045
3704343
1508907
9416864
9794424
4706805
8333015
4619502
1751878
1207110
6924441
3071524
1203531
7971593
5643102
1670219
3777884
6873291
3325451
3951978
4652991
4555298
2023978
5931850
6366447
5190436
8354221
9269063
3939922
9269104
7373830
3517728
3973476
8519976
4555203
8137565
8723352
9488234
5795652
7426053
2447010
7992942
8089735
2572973
5284779
6467490
9623821
7409724
1817526
5606489
6607112
6888740
4233191
6242699
9128819
8968827
4810390
9789273
5498253
4990105
6533426
7724826
9148280
2109659
4468402
3754760
6335223
1082038
5026992
7316203
8524072
8823239
1681449
4985370
4036438
8668472
5841298
3209233
6330722
2132786
1829493
1750498
1860885
9590765
1205018
9818239
5049415
2319902
5582403
6725782
6579495
2758657
2921475
4636409
9434638
1888994
1819287
6110466
7553391
2054103
4583529
2078124
7301988
1282954
4933891
5717622
5516698
8290530
8541260
3307927
8212276
4927068
9142841
4511045
8358927
2145241
6200011
3273116
3272120
9177563
2449131
3821501
9095653
4030447
9304314
7922462
6244036
8734277
8854056
7078502
8593004
5583827
8442950
7914932
5439975
6145673
4817255
2671837
2578395
5606203
6077818
4426433
5042611
3020124
9388526
3316794
7465201
1147972
8914957
1422746
6892200
3447652
1045040
2846306
8823067
6368030
8205628
1025175
9649579
8347711
8052047
8369742
7335498
7726797
3107451
8004696
3290350
4837012
4545013
9516364
6497750
6671155
2776332
9918735
9020469
9632864
5846311
1845688
4306779
6677906
5525192
3782880
8231097
5579608
4446112
7344731
1874634
2575166
6350865
1893666
6567576
2066281
4437804
5007573
9479960
9678989
7370016
5597438
7362867
8198358
8598410
5974867
7736929
3166736
5061973
3233435
4615388
3540950
8163696
9836876
5441671
7325006
8601328
5673139
3104769
7282263
8070259
2587197
9768733
1687967
5030479
6706465
8649599
3168949
3298486
4516972
9180169
9681893
9508346
5872307
2119769
7532249
3641204
6923415
2937490
4080662
6355350
3752143
9780699
9862031
3747922
2386114
1106234
1245915
2153497
6334844
8668776
4300821
6531344
8425336
6647206
2332584
5148867
8009436
5744641
8671428
4804274
4690460
8180494
4749022
2319373
6037740
3194475
9462356
4380355
8509052
2929751
2904974
3056276
1789372
3599200
8415261
7333667
9748228
2205387
6444904
6852042
1712745
6905637
9909888
8635440
3059613
1993835
4242113
7531015
9423537
6914596
7706097
9171885
1239267
4307498
6363792
4195479
8584073
5432564
2974929
2523952
5549505
7273310
5463928
9578571
7637390
1671394
1048019
7089520
5745671
1129360
6757828
7372693
2470529
2469637
1936958
7513835
9839351
5901606
1565230
9030157
1718675
4841543
4306451
2110902
4610871
2631042
4675613
2902751
7592294
8001598
9615057
7603556
4093732
2532925
4751732
5926942
3728688
7214999
5920385
6913582
5533321
9973156
2832294
2587915
9208078
9003768
3793039
1826372
1308482
3736238
5639680
8783159
8823677
8774454
6083453
3622638
2546157
5799174
5720834
7854717
1479495
8177679
1427626
7920400
3917211
9781665
7625289
1468503
6554132
4448547
1898017
4950160
7953032
6862766
3172508
5618559
4578770
4453501
4206679
4792176
7391221
2128317
5698325
1334986
4706356
2164648
7379501
6860877
5663679
4610281
9622615
6625192
7451436
7473381
7788193
2732774
7577390
8523360
9919627
5518947
3518940
3556166
7244974
2920106
2132433
7607051
6731885
5010875
1973628
1157027
4121260
8407391
2133561
7424270
3583111
8294004
1211770
4095249
7159862
6009852
7955730
7717131
5402979
7103177
5932484
9214269
2397403
4681134
5779058
2726563
4131687
6431083
9325929
3035712
9586512
2885585
2220855
4576904
1611720
3552112
8623300
1432148
1661001
3395198
4844243
3640738
2051195
6964174
4706583
1144299
2233553
9575701
4576362
7868614
5275592
6975338
2353286
7139181
1397728
5195551
4751280
9019225
5004375
8901038
3884362
5811486
7029449
2789040
5829573
1040394
2102621
4708427
8886007
5525962
9938793
2517623
5439934
3581713
1686887
1550277
7880963
7099574
7610520
3730614
3478032
9886474
6061507
8800523
7141262
2697133
7881459
2052637
1874035
3480105
1201150
4652270
4569493
4496822
1511456
6510910
9745187
8069520
2577362
5210271
7746924
6417593
8552388
4979501
6683360
1242486
9541813
5256082
8400779
9487752
1353603
1893556
7379712
6776072
3500365
9834946
4722162
5547310
6127057
7977414
3025538
5510288
7152777
7175329
7508189
5878699
1946946
9776748
3771628
2984638
5235208
9268378
4067655
8219257
3888261
6657261
2045029
3113373
3901052
5855199
8260858
8882173
3386016
7525460
8851625
4101056
9251257
7785587
5437400
7416502
5312243
5542027
1225254
3548142
7319123
7539481
4535899
3852517
1112413
8488878
1759511
2876580
6377185
3572933
3601621
3360791
8710834
6623210
7094588
9318741
4409327
9359121
2412833
1581289
1347036
1084266
7533947
3753448
6661399
4654808
7761387
3379170
7761054
3486308
6343852
6346581
5013598
8989012
2489718
1287494
2092132
8085046
3207865
2860595
7515364
6319298
7986677
1652460
4356896
2417932
8744641
3941931
6129903
2458490
8439480
9282860
6352739
4430652
6251096
6323704
7606878
5325548
1099166
4516477
5689141
4840731
4769832
9726207
1494748
1914639
1473787
7750461
4634423
8134078
9347105
6513785
4909014
3317905
1021334
1851434
7215080
7464493
1854572
7925497
1431022
8090515
3534881
8937177
4460360
8640807
5390969
8976371
6048859
8981877
2917069
8304695
3446605
5139174
2012205
7718325
9956617
9795504
9097065
7938234
3674257
7148842
2466674
2015739
5123921
8207427
3050419
7793532
3718876
7881629
6922086
6637941
4531521
2270583
5324995
4015342
7736109
2632809
1284473
8711928
8096026
2511904
8387643
3674740
8909366
1108083
3615154
6437465
6830396
2268633
4051908
2161002
7781798
5796201
4766311
1388013
4419533
8701173
6532683
4424852
1117045
4207724
9727412
4380205
5787207
4192639
4389751
4587298
8857345
5845760
6558450
6349538
8427231
1223983
4342101
9223891
2086952
9048711
8184693
3889575
2835226
8883637
9260858
8086721
6269440
7781573
8031907
5149861
7732208
3080088
1943090
3541271
3704831
7379199
6958818
7526971
9703841
2399242
7999082
7791404
5705513
2243083
6513383
4598353
4512831
6423625
6163968
5380014
7433625
1659420
6849103
5628940
4894469
4771404
8097827
2671292
2102865
6375350
8646924
9142664
6989012
9556347
4491823
5515122
2087378
6551779
8264494
3335447
1052253
5186370
5659649
9086144
5426092
2325814
7285867
6952577
1062252
6068825
4228193
3912007
4763201
3725879
1956017
3665156
8114436
3188306
9292470
1948541
4197373
8600020
3758740
1286686
8842002
3841985
5305751
7747961
9415566
1334226
7339097
4601414
1839623
4760517
4480610
2134271
9319514
5112714
9676665
4857785
1412758
5043537
4076809
7142764
7229579
9681661
4325588
5055959
5444339
1824030
6325704
2851230
2947057
8301617
7820338
4583710
7900225
3610493
2735318
3422179
7040487
8014596
6638720
3805450
4066731
6873400
3609841
6457959
5577208
2105585
8466242
4022505
3074234
2767746
2917907
5941729
3186498
3532356
2225886
2273053
8194219
2207716
3643623
5653995
1081314
9343939
6616777
5866322
3671682
1998107
3638758
7909644
9188501
2925205
3249900
6416259
7761598
1847954
5575702
4235323
2843667
9824475
9247108
1877313
2054636
1751460
3549232
6230857
1557438
1845328
8648829
1435785
9008698
1612304
5388787
3627120
1974029
5754629
2952165
5082620
6200194
1528696
9141676
7124006
5874774
6371891
8553894
7667475
8492475
8927280
3128003
1777092
4779410
9591537
2184975
4178743
1263375
7365918