389120
636929
665603
487428
917514
524299
661520
296980
270359
231448
528410
532507
985115
296986
145439
606241
995363
260132
380964
22566
165928
411690
249899
878638
16431
753712
890926
469042
895023
647217
774200
256057
372793
139320
460858
661565
809016
831557
94279
241735
241741
432206
712783
972881
692309
477270
974936
915546
108635
591966
71781
438374
90214
970856
577641
632939
497774
165999
923758
26736
368752
67698
571508
534645
174201
563326
376963
964740
110724
680070
733319
899208
360581
731274
882832
393362
159891
319636
141462
469145
884890
342171
770203
651424
665762
583844
37029
845990
827560
524457
270506
200875
489643
12461
405682
716980
479414
954556
45245
436413
446653
813251
635079
286923
24782
272592
731344
135376
727251
770264
964825
671963
653533
143582
30943
409825
299234
254179
979173
696552
721130
291052
223469
694510
268527
493804
268532
4341
456950
155896
233720
393466
250109
528638
710910
422143
676093
211202
764163
612612
928005
833798
172298
567562
909583
948495
532752
901394
829719
491802
534815
213281
262434
299300
119076
829736
223529
287018
989482
520493
635182
543024
158002
104755
966964
76083
368950
735543
694585
680249
872763
811324
713021
407870
917824
393536
180545
921921
993603
434502
399693
977239
459095
997720
711001
450910
772447
522592
63841
188772
643429
84327
618858
823658
395628
477549
729453
502123
172400
252273
280939
170350
192889
924027
950652
893310
590207
268674
463235
756102
749963
440716
846225
90518
997784
379291
768412
10654
737695
53665
848294
754090
690604
49583
203186
168371
82358
205240
371128
653755
149947
840123
328126
868802
281028
981445
117192
768460
801230
752080
698836
502228
502231
616923
664028
586203
127452
709086
389605
748007
698856
111081
154090
410090
98796
23020
373230
240105
780789
707068
711165
492030
276990
784896
684545
885252
268805
639494
623114
817675
514574
33295
408089
817697
68131
25124
690724
436774
453159
582184
856611
856614
453161
719397
954926
342577
16946
510513
709173
983607
926265
94779
373307
348733
311869
983615
295488
932418
866885
430661
350795
207439
768592
762451
463444
701013
305749
883287
115283
983641
932435
41563
152156
651867
219742
905829
768614
889445
893544
295526
35434
848486
748143
719474
981618
455287
627321
537209
354944
189058
471686
842374
352906
803468
377484
836236
995983
305806
475795
342676
113300
199319
307863
338585
912031
27299
596645
381610
232106
156330
774836
441014
950967
99000
957119
144063
369347
496324
813765
692934
53961
783050
668366
299727
250575
533202
582359
830167
883418
47837
395998
897759
187106
273128
64234
615147
979690
70381
133869
256748
535277
547565
948978
400116
695034
539389
598783
62209
752390
64263
932616
899848
924425
625419
111369
717586
533272
627483
856860
906012
961310
236319
484127
602913
80671
342817
523045
584485
420649
135980
670511
654128
580402
983869
977728
457536
848707
506694
64329
770899
832344
41817
355162
885594
783194
637791
119647
109409
598883
629605
398184
914280
695145
269161
387948
279401
215914
527215
9073
461684
490357
809846
914296
439163
613245
992129
787332
281478
883597
738191
830353
822162
521107
738196
916377
308124
420764
727970
119715
201635
611239
396200
279466
676779
213932
910250
414638
805810
82869
615349
508855
955320
76727
146359
281531
754619
416693
467903
175041
787395
254915
709574
975816
326602
414666
97226
906189
920528
685009
508885
185305
226265
52187
908252
316381
17372
349145
758752
326621
87010
887781
74727
781294
369646
21488
46062
703475
996339
80887
361464
822263
394234
959486
218112
773121
562181
939015
908295
279561
703496
472078
355343
947215
463890
961555
371732
359445
891929
76829
801821
97315
642087
420904
990254
603189
994370
568386
308292
121925
584778
554059
97362
754771
490582
382039
427097
60508
805982
930915
771172
293989
27750
554089
29803
386156
824429
347245
631920
705650
222326
889975
388215
904318
793727
795778
406661
896136
101514
728209
298130
910487
816279
767138
353444
48293
29863
896168
492713
472234
543915
273576
46249
461998
554162
515252
277686
826556
783550
656574
978120
732361
914634
830670
576719
957647
285905
683218
666832
795860
251092
404698
623838
642274
322788
156902
201958
437478
894187
920811
584941
386286
419053
726256
492785
113906
697584
972022
210170
300285
161022
785663
599300
832775
722184
494855
875788
257293
380175
355600
994578
898323
861461
60694
343319
881945
451870
945446
318760
398633
777515
111917
464174
648502
36151
177463
298298
431419
263482
750909
580926
857405
208193
808263
822609
795985
193873
245075
40275
572756
525654
779610
666971
456030
800094
669022
441695
388450
513382
763242
304494
785779
918900
726389
497014
21878
28026
427389
642429
249216
335233
820610
589184
150918
609670
742795
705933
779663
488849
267669
912791
486816
224675
118180
839078
912807
103848
435624
462250
574892
247213
413102
290223
220592
415153
841138
335283
251309
435640
753080
912824
712121
574905
499133
390589
898499
851403
859596
228813
923083
550348
28117
888278
624086
671191
36313
972250
628187
630236
527834
744926
241122
536035
501222
210409
613868
902640
415217
949749
726519
54777
366073
986619
1531
636414
955903
50686
89602
658946
327174
804362
611851
17933
42513
562706
931347
998937
308761
192029
437791
667168
65057
458272
757284
943653
198180
716328
155183
644656
509490
716341
466486
683578
974394
613947
837631
327228
544319
284227
403012
642628
302661
405063
93764
239178
400972
142926
122447
951888
761424
876113
863827
515664
626262
403031
87638
61024
831073
48744
298601
706153
278123
413293
220782
26221
777840
298617
403065
568955
728699
540286
900738
642691
26242
409227
767628
622223
95887
192145
710287
945811
22163
790165
61078
190104
30361
949915
999068
972445
196252
986782
937632
392866
736931
157348
597669
175783
851625
161450
91818
695978
50861
693936
317105
585398
831160
159417
46776
972483
280260
921284
476873
933578
571082
841423
247505
626386
724693
595670
677593
343771
505563
485085
870108
792288
75497
405226
259819
130795
638706
454389
939769
210685
622338
591619
343813
972559
956177
184082
825107
648979
407317
333590
935703
765718
212759
763677
651038
575265
278305
884513
300836
282404
247591
501545
409388
343854
55086
708404
644918
925495
499512
71482
933690
481084
259899
366398
245567
542528
114499
796483
151365
816969
618313
567119
778064
640849
493392
311124
878422
298841
343901
135005
597855
10083
100195
622437
448355
575336
98158
923505
149362
556916
237429
135030
192375
534389
794490
382844
345980
548737
505729
1921
704389
591750
165768
397193
927626
987020
878477
933775
3989
579478
907163
219037
155550
593827
567205
722855
446375
946089
450474
731050
92079
255932
352188
794560
63427
931780
698310
38854
829387
602059
567245
225233
348113
651217
366546
696277
878547
595928
647128
176090
219099
845788
65502
907231
344033
366567
509928
632808
810985
694254
466928
215025
260084
647157
34808
192505
276475
710655